// erobo10_dyn.hpp -- AUTO-GENERATED from erobo10.urdf by tools/gen_model_from_urdf.py.
// Per-joint URDF frame (parent->joint rotation R row-major + translation p + axis) and the
// CHILD link's rigid-body inertial (mass, CoM, inertia tensor about the CoM, link frame).
// Used by erm/dynamics.hpp (RNEA inverse dynamics).
//
// Masses are taken DIRECTLY from the URDF (CAD inertials), not hand-calibrated:
// CAD masses SCALED by k=0.4532 to a real total of 36.5 kg (CAD was ~80.5 kg,
// uncalibrated density). Distribution/CoM/inertia shape preserved; absolute scale corrected.
//   moving links j1..j6 total = 35.244 kg ; fixed base = 1.256 kg (loads no joint, excluded).
#pragma once
namespace erm {
struct DynLink { double R[9]; double p[3]; double axis[3]; double mass; double com[3]; double I[9]; };
inline const DynLink* dynModel() {
  static const DynLink M[6] = {
    { {+1.000000000000e+00, +0.000000000000e+00, +0.000000000000e+00, +0.000000000000e+00, -1.000000000000e+00, +5.665538897648e-16, +0.000000000000e+00, -5.665538897648e-16, -1.000000000000e+00}, {+5.025000000000e-05, -4.029600000000e-04, +4.808044000000e-02}, {+0.000000000000e+00, +0.000000000000e+00, +1.000000000000e+00}, +8.023746320752e+00, {+1.165971148195e-07, +6.836572187874e-03, -5.970553447700e-02}, {+2.516964537759e-02, -6.868548099992e-09, +8.521202380991e-08, -6.868548099992e-09, +2.410078046868e-02, +8.025057735756e-04, +8.521202380991e-08, +8.025057735756e-04, +2.493998616558e-02} },  // j1
    { {+1.000000000000e+00, +0.000000000000e+00, +0.000000000000e+00, +0.000000000000e+00, +5.053215498074e-16, -1.000000000000e+00, +0.000000000000e+00, +1.000000000000e+00, +5.053215498074e-16}, {-2.510144869738e-17, +9.000000000000e-02, -7.500000000000e-02}, {+0.000000000000e+00, +0.000000000000e+00, +1.000000000000e+00}, +1.567980561120e+01, {-2.705078792189e-06, -2.291108665574e-01, -6.445601214263e-02}, {+1.107629462557e+00, -2.499155979179e-05, -2.098243963502e-06, -2.499155979179e-05, +4.299795756583e-02, -1.178585781701e-02, -2.098243963502e-06, -1.178585781701e-02, +1.105138019721e+00} },  // j2
    { {+1.000000000000e+00, +0.000000000000e+00, +0.000000000000e+00, +0.000000000000e+00, -1.000000000000e+00, +5.665538897648e-16, +0.000000000000e+00, -5.665538897648e-16, -1.000000000000e+00}, {+0.000000000000e+00, -6.120000000000e-01, -1.700000000000e-02}, {+0.000000000000e+00, +0.000000000000e+00, +1.000000000000e+00}, +7.583151478080e+00, {-5.376566898845e-06, +2.266599870200e-01, -7.358147303906e-02}, {+4.702150559428e-01, -1.375588547752e-05, -1.633522336129e-06, -1.375588547752e-05, +1.261390707757e-02, +9.404750694846e-04, -1.633522336129e-06, +9.404750694846e-04, +4.693329902480e-01} },  // j3
    { {+1.000000000000e+00, +0.000000000000e+00, +0.000000000000e+00, +0.000000000000e+00, -1.000000000000e+00, -5.665538897648e-16, +0.000000000000e+00, +5.665538897648e-16, -1.000000000000e+00}, {+5.086209231564e-17, +5.900000000000e-01, -3.430000000000e-02}, {+0.000000000000e+00, +0.000000000000e+00, +1.000000000000e+00}, +1.800896298241e+00, {+2.136797659800e-06, -4.334362473689e-03, -5.242130421374e-02}, {+2.256059457813e-03, -1.488013483891e-07, -1.261001577628e-07, -1.488013483891e-07, +1.937347458611e-03, -7.397489498958e-06, -1.261001577628e-07, -7.397489498958e-06, +2.182025541800e-03} },  // j4
    { {+1.000000000000e+00, +0.000000000000e+00, +0.000000000000e+00, +0.000000000000e+00, +6.123233995737e-17, -1.000000000000e+00, +0.000000000000e+00, +1.000000000000e+00, +6.123233995737e-17}, {-8.445501242793e-17, -4.250000000000e-02, -5.550000000000e-02}, {+0.000000000000e+00, +0.000000000000e+00, -1.000000000000e+00}, +1.800896298241e+00, {-2.135714022560e-06, -4.334945886852e-03, +5.242067301179e-02}, {+2.256279961771e-03, +1.488805663462e-07, -1.262100345302e-07, +1.488805663462e-07, +1.939105074111e-03, +7.416759354974e-06, -1.262100345302e-07, +7.416759354974e-06, +2.180488430241e-03} },  // j5
    { {+1.000000000000e+00, +0.000000000000e+00, +0.000000000000e+00, +0.000000000000e+00, +6.123233995737e-17, +1.000000000000e+00, +0.000000000000e+00, -1.000000000000e+00, +6.123233995737e-17}, {-7.984064798183e-17, -4.250000000000e-02, +5.550000000000e-02}, {+0.000000000000e+00, +0.000000000000e+00, +1.000000000000e+00}, +3.554112887971e-01, {-4.566993151711e-10, +1.408418244456e-03, -2.072234807473e-02}, {+2.031367430577e-04, -9.552399763466e-12, -3.741400111314e-12, -9.552399763466e-12, +2.211074526543e-04, +8.357975945658e-07, -3.741400111314e-12, +8.357975945658e-07, +3.718848590743e-04} },  // j6
  };
  return M;
}
}  // namespace erm
